a [[1, 2], [1, 1], [1, 8], [1, 5], [2, 3], [1, 2], [1, 11], [1, 1], [1, 1], [1, 2], [1, 2], [2, 5], [1, 9], [3, 2], [2, 1], [1, 1], [1, 1], [1, 4], [1, 3], [1, 1], [1, 1], [2, 1], [1, 1], [4, 4], [1, 2], [1, 6], [1, 1], [1, 1], [1, 1], [4, 4], [1, 3], [4, 1], [2, 1], [1, 1], [1, 3], [2, 2], [2, 1], [2, 11], [2, 1], [1, 2], [1, 7], [1, 2], [2, 1], [5, 3], [4, 1], [6, 4], [1, 6], [1, 1], [1, 4], [1, 1], [1, 3], [1, 1], [1, 1], [1, 1], [1, 1], [2, 1], [1, 1], [1, 1], [1, 5], [1, 1], [1, 1], [1, 1], [1, 1], [1, 1], [2, 2]]
small [[1, 1], [7, 1], [3, 1], [31, 1], [49, 1]]
group [[1, 1], [68, 1]]
of [[1, 8], [1, 1], [1, 6], [3, 4], [2, 6], [1, 1], [1, 4], [1, 1], [2, 6], [1, 1], [1, 1], [2, 1], [1, 1], [2, 2], [1, 1], [2, 3], [1, 2], [2, 2], [8, 1], [1, 2], [3, 1], [1, 1], [3, 2], [1, 1], [3, 1], [3, 1], [4, 7], [2, 2], [2, 7], [1, 1], [1, 1], [1, 1], [1, 4], [6, 2], [1, 2], [1, 3], [1, 1], [1, 1], [1, 1], [1, 2], [2, 1], [3, 2], [1, 3], [1, 3], [2, 2], [5, 1], [1, 1], [2, 1], [3, 3], [1, 1], [1, 1], [3, 1], [1, 1], [1, 1]]
politician [[1, 1]]
believe [[1, 1], [2, 1], [5, 1], [25, 1], [12, 1], [10, 1], [3, 1], [15, 1], [17, 1]]
strong [[1, 1], [86, 1]]
that [[1, 4], [2, 12], [1, 2], [2, 1], [1, 1], [1, 7], [1, 5], [2, 1], [1, 1], [1, 3], [1, 4], [1, 3], [3, 2], [1, 2], [1, 1], [1, 3], [12, 1], [1, 1], [1, 1], [3, 1], [5, 2], [8, 2], [5, 1], [1, 3], [4, 8], [4, 1], [4, 3], [2, 1], [2, 2], [1, 2], [3, 1], [2, 1], [1, 6], [1, 1], [1, 1], [1, 1], [7, 1], [1, 1], [4, 1], [2, 2]]
the [[1, 11], [2, 20], [1, 3], [1, 2], [1, 14], [1, 3], [1, 6], [1, 18], [1, 11], [1, 11], [1, 1], [1, 13], [1, 5], [1, 1], [1, 4], [1, 2], [1, 7], [2, 2], [1, 3], [1, 1], [1, 3], [1, 3], [1, 2], [1, 2], [2, 1], [2, 2], [2, 3], [1, 1], [1, 3], [1, 6], [2, 1], [2, 2], [2, 5], [1, 5], [1, 1], [1, 3], [1, 3], [1, 1], [3, 5], [2, 5], [1, 1], [1, 16], [1, 6], [1, 3], [1, 2], [1, 11], [1, 4], [3, 5], [1, 5], [1, 1], [1, 3], [2, 1], [1, 2], [1, 5], [1, 5], [2, 1], [1, 1], [1, 4], [1, 5], [3, 5], [2, 4], [1, 6], [2, 2], [1, 1], [1, 1], [4, 1], [1, 4], [1, 2], [1, 5], [2, 5], [2, 1], [2, 1], [2, 1], [1, 3]]
fact [[1, 1], [6, 1], [1, 2]]
saddam [[1, 2], [3, 1]]
hussien [[1, 1]]
remain [[1, 1]]
in [[1, 2], [1, 1], [1, 3], [1, 1], [1, 1], [1, 6], [1, 4], [1, 7], [1, 9], [1, 4], [1, 1], [1, 2], [1, 2], [1, 3], [1, 4], [1, 1], [4, 1], [4, 1], [8, 1], [1, 1], [2, 1], [6, 1], [1, 2], [1, 1], [2, 5], [4, 2], [2, 1], [2, 3], [1, 1], [3, 3], [2, 2], [1, 1], [1, 1], [2, 1], [1, 2], [3, 1], [1, 2], [1, 3], [2, 1], [1, 1], [1, 1], [1, 2], [2, 4], [3, 1], [1, 3], [1, 1], [1, 1], [1, 2], [3, 1], [3, 1], [1, 1], [1, 1], [2, 1], [2, 1], [2, 1]]
power [[1, 2], [2, 1]]
after [[1, 3], [5, 1], [2, 1], [83, 1]]
first [[1, 1], [2, 1], [21, 2], [20, 1], [37, 2]]
gulf [[1, 1]]
war [[1, 2], [2, 3]]
was [[1, 1], [2, 1], [10, 3], [2, 1], [1, 3], [2, 1], [14, 2], [13, 1], [6, 1], [22, 1], [7, 5], [20, 2]]
signal [[1, 1], [65, 1], [1, 1], [1, 2]]
weakness [[1, 1]]
to [[1, 4], [2, 9], [1, 2], [1, 2], [1, 4], [1, 1], [1, 16], [1, 3], [1, 1], [1, 1], [1, 1], [1, 4], [1, 2], [1, 3], [1, 2], [2, 10], [1, 1], [1, 1], [1, 1], [1, 3], [1, 4], [1, 2], [1, 1], [7, 1], [1, 3], [1, 1], [1, 3], [6, 3], [1, 2], [1, 4], [1, 1], [1, 3], [2, 1], [1, 2], [1, 3], [1, 2], [1, 1], [2, 5], [2, 3], [1, 3], [1, 11], [1, 1], [3, 5], [1, 5], [2, 1], [2, 2], [1, 1], [1, 3], [1, 4], [2, 5], [1, 1], [2, 1], [2, 1], [1, 1], [3, 6], [1, 4], [1, 3], [1, 5], [1, 2], [2, 2], [2, 2], [1, 3], [1, 4], [1, 2], [1, 1], [1, 3], [7, 3]]
rest [[1, 1]]
world [[1, 1], [2, 2], [3, 1], [1, 1], [16, 2], [60, 1], [6, 1], [2, 1]]
one [[1, 1], [2, 2], [1, 1], [4, 1], [3, 1], [4, 1], [1, 2], [13, 1], [3, 1], [12, 1], [2, 1], [5, 1], [15, 1], [3, 1], [4, 1], [2, 1], [4, 1], [2, 1], [1, 1], [1, 1]]
invite [[1, 1]]
attack [[1, 3]]
and [[1, 5], [2, 7], [1, 4], [1, 2], [2, 2], [1, 11], [1, 1], [1, 2], [1, 1], [1, 1], [1, 3], [1, 2], [1, 2], [1, 5], [1, 1], [1, 4], [1, 1], [1, 1], [3, 8], [1, 2], [2, 4], [1, 1], [2, 2], [1, 1], [1, 1], [1, 1], [1, 5], [1, 1], [1, 5], [1, 1], [5, 1], [2, 4], [1, 3], [2, 1], [1, 2], [1, 1], [1, 1], [2, 4], [2, 2], [4, 9], [1, 2], [1, 3], [1, 4], [1, 3], [3, 2], [4, 1], [1, 1], [2, 1], [1, 2], [2, 1], [3, 2], [2, 2], [1, 5], [2, 2], [1, 1], [1, 2], [4, 1], [1, 1], [1, 2], [3, 2], [1, 1], [1, 1], [2, 2], [1, 1], [2, 2]]
terrorism [[1, 1], [86, 1], [2, 1]]
shortly [[1, 1]]
taking [[1, 1], [60, 1], [19, 1]]
with [[1, 2], [2, 1], [3, 3], [1, 2], [3, 1], [11, 1], [2, 1], [1, 1], [1, 1], [4, 1], [1, 1], [4, 1], [1, 2], [7, 1], [1, 1], [1, 1], [3, 1], [10, 4], [4, 1], [8, 2], [11, 2], [4, 1], [9, 1], [1, 1], [4, 1], [2, 1]]
george [[1, 1]]
bush [[1, 1]]
2000 [[1, 1], [15, 1]]
on [[1, 2], [2, 2], [1, 3], [4, 1], [5, 2], [1, 1], [6, 2], [2, 1], [1, 2], [5, 2], [5, 1], [2, 1], [1, 2], [5, 2], [1, 1], [2, 1], [2, 1], [2, 1], [2, 1], [1, 1], [2, 2], [4, 1], [1, 2], [6, 1], [2, 3], [5, 1], [2, 1], [4, 2], [5, 4], [2, 1], [6, 1], [7, 1]]
9 [[1, 1]]
11 [[1, 1]]
they [[1, 1], [4, 2], [3, 1], [2, 1], [3, 1], [1, 2], [2, 1], [3, 2], [1, 1], [1, 4], [1, 1], [1, 3], [3, 1], [5, 1], [7, 1], [11, 1], [2, 1], [8, 2], [2, 3], [6, 1], [1, 2], [3, 1], [19, 1], [4, 1]]
were [[1, 1], [3, 1], [10, 1], [2, 3], [10, 1], [23, 1], [24, 1], [16, 1]]
able [[1, 1], [4, 1], [13, 1], [38, 1], [30, 1]]
use [[1, 1], [5, 1], [2, 1], [2, 2], [1, 2], [3, 2], [11, 1], [7, 1], [16, 1], [18, 1], [14, 1], [15, 1]]
terrorist [[1, 1], [88, 1]]
justify [[1, 1]]
iraq [[1, 1], [1, 1], [1, 3], [88, 1]]
this [[1, 1], [2, 1], [3, 2], [2, 3], [2, 1], [1, 1], [2, 1], [1, 1], [1, 1], [3, 1], [2, 1], [15, 1], [8, 2], [13, 1], [17, 1], [5, 1], [12, 2], [1, 1]]
basis [[1, 1]]
exaggerate [[1, 1]]
threat [[1, 1], [46, 1]]
development [[1, 1], [12, 1]]
weapon [[1, 1], [46, 1], [1, 1]]
mass [[1, 1], [11, 1], [1, 2], [80, 2]]
destruction [[1, 1]]
military [[1, 2]]
strength [[1, 1], [42, 1], [1, 1]]
u [[1, 1], [76, 1]]
s [[1, 2], [2, 1], [1, 3], [2, 1], [1, 2], [1, 1], [1, 1], [4, 1], [10, 1], [2, 1], [3, 1], [1, 1], [4, 1], [3, 1], [1, 1], [1, 1], [8, 1], [1, 1], [5, 1], [5, 4], [4, 3], [3, 1], [4, 2], [2, 2], [3, 3], [4, 1], [2, 1], [2, 1], [12, 1], [4, 1]]
brutality [[1, 1]]
regime [[1, 1], [2, 3]]
led [[1, 1]]
them [[1, 1], [2, 1], [2, 1], [11, 1], [17, 1], [12, 1], [16, 1], [5, 1], [7, 1], [7, 1]]
imagine [[1, 1], [81, 1]]
politics [[1, 1]]
victory [[1, 1]]
would [[1, 1], [2, 3], [2, 1], [1, 1], [2, 1], [5, 1], [1, 1], [4, 1], [10, 1], [21, 1], [2, 1], [6, 2], [23, 1], [1, 1], [15, 1]]
be [[1, 1], [2, 3], [2, 1], [3, 1], [1, 2], [1, 2], [3, 3], [1, 2], [4, 4], [17, 2], [8, 3], [1, 1], [5, 2], [7, 1], [1, 3], [4, 1], [8, 1], [3, 1], [2, 1], [6, 2], [1, 2], [2, 5], [3, 1], [2, 1], [2, 1], [6, 1]]
relatively [[1, 1]]
easy [[1, 1], [2, 1]]
because [[2, 1], [1, 2], [1, 1], [3, 2], [3, 2], [3, 1], [1, 1], [2, 1], [3, 1], [4, 1], [9, 1], [11, 1], [3, 1], [3, 1], [1, 1], [11, 1], [2, 1], [26, 1], [1, 1], [2, 1], [2, 1]]
there [[2, 1], [5, 1], [1, 1], [3, 1], [8, 1], [2, 3], [5, 1], [7, 1], [6, 1], [3, 3], [2, 1], [2, 1], [12, 1], [3, 1], [12, 1], [6, 1], [3, 1], [1, 1], [5, 2], [7, 1]]
is [[2, 1], [1, 12], [1, 1], [2, 3], [1, 1], [1, 10], [1, 4], [1, 2], [1, 3], [1, 1], [1, 2], [2, 1], [3, 1], [1, 1], [1, 1], [1, 2], [2, 1], [1, 1], [6, 1], [3, 2], [1, 3], [1, 1], [1, 2], [6, 4], [1, 3], [1, 1], [3, 1], [2, 1], [4, 1], [3, 1], [5, 2], [1, 2], [7, 4], [5, 1], [1, 1], [4, 3], [1, 1], [2, 2], [1, 1], [1, 1], [3, 2], [1, 1], [2, 2], [3, 2], [2, 1], [1, 1], [2, 1], [2, 2]]
lot [[2, 1], [1, 1], [5, 1], [10, 1], [39, 1], [4, 2], [21, 1]]
oil [[2, 1], [1, 2]]
it [[3, 7], [1, 2], [2, 2], [1, 3], [1, 2], [1, 4], [2, 1], [1, 1], [1, 3], [1, 1], [5, 2], [4, 3], [1, 1], [4, 2], [1, 3], [3, 1], [1, 5], [1, 1], [1, 1], [1, 2], [1, 1], [4, 1], [1, 1], [1, 3], [1, 1], [1, 3], [1, 2], [1, 1], [2, 2], [3, 1], [3, 1], [2, 5], [4, 4], [1, 2], [8, 1], [1, 1], [2, 2], [1, 1], [5, 1], [1, 4], [4, 1], [5, 1], [2, 1], [2, 4], [3, 1], [1, 1], [3, 4]]
tempt [[3, 1]]
say [[3, 1], [1, 1]]
us [[3, 4], [14, 1], [30, 1], [14, 2], [21, 1], [11, 1]]
invade [[3, 3]]
has [[3, 2], [1, 1], [7, 1], [7, 1], [19, 1], [1, 1], [40, 1], [13, 1], [2, 1]]
but [[3, 1], [3, 2], [6, 1], [4, 1], [2, 1], [3, 1], [4, 1], [1, 1], [17, 1], [3, 1], [1, 1], [4, 1], [6, 2], [4, 4], [11, 1], [1, 1], [6, 1], [14, 1]]
not [[3, 2], [1, 1], [4, 4], [1, 2], [2, 1], [5, 1], [3, 1], [3, 1], [1, 1], [7, 1], [3, 1], [3, 1], [7, 1], [10, 1], [3, 1], [1, 1], [7, 1], [5, 1], [3, 1], [17, 1], [5, 1]]
country [[3, 4], [1, 1], [4, 3], [83, 2]]
deep [[3, 1], [22, 1], [55, 1]]
economic [[3, 1]]
problem [[3, 1], [13, 1]]
capture [[3, 1]]
other [[3, 1], [1, 1], [2, 1], [2, 4], [3, 1], [5, 1], [3, 1], [20, 1], [27, 1], [3, 1], [12, 1], [14, 1]]
’ [[3, 1]]
an [[3, 3], [2, 1], [1, 1], [7, 1], [1, 1], [1, 2], [1, 2], [2, 1], [5, 1], [9, 1], [1, 3], [8, 1], [16, 2], [10, 1], [1, 1], [5, 1], [2, 1], [6, 4], [1, 2], [1, 2], [6, 1], [4, 1]]
actual [[3, 1]]
need [[3, 1], [5, 2], [1, 1], [13, 1], [3, 1], [10, 1], [15, 1], [21, 2], [9, 1], [1, 2]]
for [[3, 1], [1, 1], [1, 1], [3, 5], [2, 1], [1, 3], [1, 1], [2, 3], [1, 2], [1, 1], [2, 1], [6, 4], [1, 2], [5, 1], [5, 1], [2, 1], [5, 2], [1, 1], [2, 1], [2, 1], [3, 1], [1, 2], [5, 1], [1, 2], [4, 2], [1, 1], [2, 1], [2, 1], [9, 1], [1, 1], [1, 1], [3, 4], [3, 1], [1, 2], [2, 2], [1, 1], [6, 1]]
survival [[3, 1]]
more [[3, 3], [4, 1], [1, 8], [1, 1], [1, 3], [1, 1], [4, 2], [3, 1], [3, 1], [3, 1], [2, 1], [4, 1], [17, 1], [10, 1], [4, 1], [12, 1], [7, 2], [1, 1], [1, 1], [11, 1], [2, 1]]
likely [[3, 2], [2, 1], [3, 1]]
kuwait [[3, 1]]
scenario [[3, 1]]
fall [[3, 1], [68, 1]]
under [[3, 1], [30, 2], [11, 1]]
assumption [[3, 1]]
i [[3, 3], [1, 1], [4, 4], [1, 1], [4, 1], [1, 4], [1, 3], [1, 3], [2, 2], [25, 1], [1, 1], [1, 1], [10, 1], [1, 1], [1, 9], [18, 1], [1, 1], [1, 1], [3, 8], [2, 3], [2, 1], [2, 1]]
think [[3, 2], [1, 1], [4, 1], [5, 1], [2, 1], [3, 1], [39, 2], [21, 1]]
government [[3, 1]]
come [[3, 1], [21, 1], [32, 1], [1, 1], [11, 1]]
conclusion [[3, 1]]
we [[3, 1], [10, 1], [6, 2], [17, 1], [5, 1], [10, 1], [10, 3], [2, 1], [7, 1], [12, 1], [5, 1], [6, 2]]
are [[3, 1], [4, 2], [1, 4], [1, 2], [1, 1], [1, 1], [3, 1], [6, 1], [1, 3], [1, 2], [3, 1], [1, 5], [5, 2], [4, 2], [4, 1], [1, 1], [6, 2], [1, 1], [1, 1], [3, 1], [2, 1], [1, 1], [2, 1], [2, 3], [1, 3], [1, 2], [1, 3], [4, 1], [6, 1], [3, 1], [3, 1], [2, 1], [1, 1], [2, 1], [6, 1], [3, 2], [3, 1], [1, 2], [2, 1]]
verge [[3, 1]]
religion [[3, 1]]
or [[3, 1], [5, 5], [2, 1], [3, 1], [7, 1], [4, 1], [1, 1], [4, 1], [1, 1], [3, 2], [14, 1], [8, 1], [2, 1], [1, 1], [3, 1], [1, 1], [2, 3], [7, 1], [2, 1], [2, 1], [5, 1], [3, 1], [8, 1], [2, 1]]
ideology [[3, 1]]
presumptuous [[3, 1]]
try [[3, 2], [3, 1], [8, 1], [7, 1], [37, 1], [24, 1]]
deter [[3, 1]]
cause [[3, 1], [66, 2], [10, 2], [11, 1]]
coming [[3, 1], [54, 1]]
wide [[3, 1]]
spread [[3, 1], [77, 1]]
media [[3, 1]]
its [[3, 2], [10, 2], [8, 1], [20, 1], [3, 1], [7, 2], [3, 1], [41, 1]]
many [[3, 1], [5, 3], [13, 1], [5, 1], [7, 1], [24, 1], [4, 3], [1, 1], [7, 1], [12, 1]]
form [[3, 1], [32, 1], [10, 1], [35, 1], [15, 1]]
cable [[3, 1]]
satellite [[3, 1]]
internet [[3, 1]]
etc [[3, 1], [5, 1], [13, 1], [13, 1], [43, 1], [14, 1]]
have [[3, 3], [2, 1], [3, 2], [1, 1], [1, 1], [5, 1], [1, 1], [2, 3], [3, 2], [24, 1], [2, 1], [3, 1], [1, 2], [6, 4], [1, 1], [3, 2], [8, 1], [2, 1], [2, 2], [7, 2], [9, 1], [1, 1], [1, 1]]
pushed [[3, 1]]
moslem [[3, 3]]
extreme [[3, 1]]
fear [[3, 1]]
secular [[3, 1]]
democratic [[3, 2]]
influence [[3, 1]]
penetrating [[3, 1]]
their [[3, 1], [7, 2], [3, 1], [9, 2], [1, 3], [22, 1], [6, 1], [1, 1], [3, 2], [13, 1], [22, 1]]
will [[3, 1], [6, 1], [2, 1], [7, 1], [3, 1], [9, 1], [3, 1], [23, 2], [1, 3], [4, 1], [13, 1], [12, 1], [2, 1], [9, 1]]
result [[3, 1], [42, 1]]
up [[3, 1], [1, 1], [25, 1], [12, 1], [1, 2], [16, 2], [4, 1], [6, 1], [2, 1], [16, 1]]
raise [[3, 1], [15, 1], [21, 1]]
against [[3, 1], [54, 1]]
best [[3, 1], [11, 1], [16, 1], [53, 1], [3, 1]]
way [[3, 1], [3, 1], [33, 1], [10, 1], [21, 1], [20, 1], [1, 1], [9, 1]]
maintain [[3, 1]]
you [[3, 1], [2, 2], [3, 8], [1, 2], [5, 4], [9, 1], [2, 1], [1, 2], [2, 1], [5, 2], [2, 2], [9, 1], [6, 1], [7, 4], [1, 3], [3, 1], [1, 1], [3, 1], [1, 1], [1, 1], [1, 1], [3, 6], [1, 1], [4, 2], [1, 1], [1, 1], [2, 4], [1, 4], [3, 1], [2, 1], [5, 1], [6, 3]]
even [[3, 1], [1, 1], [4, 2], [3, 1], [3, 1], [7, 1], [52, 1], [7, 1]]
gain [[3, 1], [42, 1]]
by [[3, 1], [5, 3], [1, 3], [1, 1], [3, 1], [2, 1], [3, 2], [8, 2], [8, 1], [1, 1], [10, 1], [13, 1], [15, 1], [2, 1], [12, 1], [4, 1]]
hatred [[3, 2]]
when [[3, 1], [5, 1], [2, 1], [1, 1], [10, 1], [3, 1], [11, 1], [8, 1], [11, 1], [13, 1], [1, 1], [5, 1], [7, 1], [13, 2], [2, 1]]
common [[3, 1], [30, 1], [35, 1], [11, 1], [1, 3], [1, 1]]
man [[3, 1], [45, 1]]
occupy [[3, 1]]
hate [[3, 1], [84, 3], [1, 1]]
outside [[3, 1], [6, 1], [44, 1]]
enemy [[3, 1]]
kept [[3, 1]]
out [[3, 1], [20, 1], [10, 1], [11, 2], [2, 1], [8, 1], [2, 1], [1, 1], [1, 1], [3, 3], [3, 1], [7, 2], [1, 1], [8, 1]]
side [[3, 1], [1, 1]]
county [[3, 1]]
direct [[3, 1], [66, 1]]
towards [[3, 1]]
so [[3, 2], [3, 1], [3, 1], [2, 1], [3, 1], [2, 1], [22, 1], [23, 1], [18, 1], [2, 1], [1, 1], [5, 1], [1, 2], [1, 1], [4, 1]]
understand [[3, 1], [19, 1], [47, 1]]
fanatic [[3, 1]]
already [[3, 1], [8, 1], [22, 1], [14, 1]]
start [[3, 1], [7, 1], [31, 2]]
now [[3, 1], [1, 1], [1, 1], [8, 1], [45, 1], [3, 1], [19, 1], [20, 1]]
time [[3, 1], [7, 1], [20, 1], [11, 1], [1, 2], [2, 1], [4, 1], [13, 2]]
fight [[3, 1]]
why [[3, 2], [35, 1], [23, 2], [6, 1], [1, 1], [20, 1], [8, 1]]
huge [[3, 1], [10, 1]]
week [[3, 1]]
thought [[3, 1]]
defeat [[3, 1], [88, 1]]
exactly [[3, 1]]
same [[3, 1], [6, 2], [5, 1], [6, 1], [34, 1]]
reason [[3, 1], [5, 7], [3, 1], [50, 1], [19, 1], [7, 1]]
afghanistan [[3, 1]]
syria [[3, 1]]
next [[3, 1], [1, 1], [52, 1], [6, 1]]
line [[3, 1]]
yuval [[4, 1]]
pretty [[4, 1]]
spot [[4, 1]]
prove [[4, 1], [53, 1]]
ground [[4, 1]]
focal [[4, 1]]
point [[4, 1], [39, 1]]
terror [[4, 1]]
activity [[4, 1]]
america [[4, 1], [3, 1], [82, 1], [2, 1]]
soil [[4, 1]]
no [[4, 2], [1, 1], [10, 1], [1, 2], [2, 1], [24, 2], [2, 1], [7, 1], [10, 1], [3, 1], [7, 1], [2, 1], [1, 1], [8, 1], [6, 1]]
like [[4, 1], [2, 1], [2, 4], [1, 1], [6, 1], [13, 1], [5, 2], [2, 2], [16, 1], [10, 1], [18, 2], [15, 1]]
hussein [[4, 1]]
middle [[4, 1], [41, 1], [4, 1]]
east [[4, 1]]
about [[4, 1], [5, 1], [16, 1], [14, 1], [5, 1], [34, 1], [13, 1]]
rise [[4, 1]]
join [[4, 1]]
his [[4, 1], [2, 1], [12, 1], [5, 1]]
rabid [[4, 1]]
speculation [[4, 1]]
pentagon [[4, 1]]
model [[4, 1], [7, 4]]
take [[4, 1], [4, 1], [6, 1], [1, 1], [3, 1], [24, 1], [1, 1], [9, 1], [1, 1], [4, 1], [4, 1], [30, 1]]
5 [[4, 1]]
years [[4, 1]]
200b [[4, 1]]
2 [[4, 1], [9, 1], [67, 1], [17, 1], [2, 1]]
000 [[4, 1]]
casualty [[4, 1]]
rebuild [[4, 1]]
dictatorship [[4, 1]]
into [[4, 1], [2, 1], [4, 1], [2, 1], [13, 1], [27, 1], [1, 1], [4, 1], [11, 1], [3, 1]]
democracy [[4, 1]]
who [[4, 1], [2, 1], [42, 1], [10, 1], [22, 1], [1, 1]]
list [[4, 1], [40, 1], [33, 1]]
call [[5, 1], [5, 1], [8, 2], [2, 1], [6, 2], [8, 1], [11, 1]]
area [[5, 1]]
apiarist [[5, 1]]
should [[5, 1], [13, 2], [33, 1], [29, 1]]
help [[5, 1], [48, 1], [31, 1]]
most [[5, 1], [4, 2], [1, 1], [5, 2], [16, 1], [9, 1], [1, 1], [8, 1], [8, 1], [16, 1], [7, 1], [20, 1]]
remove [[5, 1]]
at [[5, 1], [1, 1], [3, 1], [5, 1], [1, 2], [27, 1], [7, 1], [2, 1], [6, 1], [14, 2], [9, 1]]
charge [[5, 1], [11, 2], [25, 1]]
exchange [[5, 1]]
hive [[5, 1], [1, 2]]
bee [[5, 1], [1, 1]]
value [[5, 1], [12, 1], [82, 1]]
belong [[5, 1]]
do [[6, 1], [8, 3], [2, 2], [3, 1], [16, 1], [1, 1], [7, 1], [5, 1], [6, 1], [3, 1], [1, 1], [3, 1], [1, 2], [4, 1], [3, 1], [1, 1], [1, 1], [1, 1], [4, 1], [17, 1], [1, 1]]
n [[6, 1], [8, 2], [2, 1], [27, 1], [3, 1], [2, 1], [9, 2], [1, 2], [3, 1], [1, 2], [7, 1], [1, 1], [1, 1], [9, 2], [12, 1], [1, 1]]
t [[6, 1], [8, 2], [2, 1], [27, 1], [3, 1], [2, 1], [9, 2], [1, 2], [3, 1], [1, 2], [7, 1], [1, 1], [1, 1], [9, 2], [12, 1], [1, 1]]
yourself [[6, 1], [2, 1]]
what [[6, 1], [4, 1], [6, 1], [3, 1], [32, 1], [6, 1], [4, 1], [5, 1], [2, 1], [3, 1], [2, 1], [3, 1], [4, 1], [17, 1]]
old [[6, 1], [74, 1]]
fashion [[6, 1]]
done [[6, 1], [51, 1], [4, 1]]
some [[6, 1], [2, 1], [2, 2], [23, 1], [3, 1], [21, 2], [12, 2], [2, 1]]
village [[6, 1]]
parts [[6, 1], [7, 2]]
guy [[6, 1], [10, 1]]
dismantle [[6, 1]]
wear [[6, 1]]
mask [[6, 1]]
hole [[6, 1]]
eyes [[6, 1]]
he [[6, 6], [46, 1], [29, 1]]
can [[6, 1], [3, 2], [1, 2], [1, 1], [3, 1], [5, 1], [2, 1], [2, 1], [12, 1], [6, 3], [2, 1], [14, 1], [14, 1], [1, 1], [4, 1], [2, 1], [3, 2], [2, 1], [7, 1], [3, 1], [4, 1]]
see [[6, 1], [35, 1], [16, 1], [27, 1], [1, 1], [8, 3]]
carry [[6, 2]]
big [[6, 1], [2, 1], [12, 1], [27, 1], [2, 1], [2, 1], [28, 1]]
sack [[6, 1]]
burning [[6, 1]]
coal [[6, 3]]
also [[6, 1], [1, 1], [1, 2], [1, 2], [3, 1], [3, 1], [4, 1], [13, 1], [2, 1], [1, 1], [1, 1], [4, 1], [3, 1], [1, 1], [15, 1], [1, 1], [4, 1], [7, 1]]
wrap [[6, 1]]
hand [[6, 1], [51, 1], [1, 1], [8, 2]]
thick [[6, 1], [87, 1]]
cloth [[6, 1]]
empty [[6, 2]]
bag [[6, 4]]
collect [[6, 4]]
honey [[6, 4]]
then [[6, 1], [2, 1], [1, 1], [1, 1], [8, 1], [6, 1], [57, 2]]
pull [[6, 1], [50, 1]]
if [[6, 2], [2, 5], [10, 1], [10, 1], [1, 1], [4, 1], [2, 1], [14, 1], [2, 1], [6, 1], [1, 1], [13, 1], [1, 1], [8, 2], [8, 1], [2, 1], [7, 2]]
just [[6, 1], [3, 1], [14, 1], [1, 1], [4, 1], [27, 1], [2, 1], [10, 1], [1, 1], [8, 1], [2, 1], [1, 1], [8, 1], [6, 1]]
wants [[6, 1], [75, 1]]
leave [[6, 1], [27, 1]]
choke [[6, 1]]
burn [[6, 1]]
want [[6, 1], [42, 1], [9, 1], [9, 1], [10, 1], [21, 1]]
get [[6, 1], [2, 2], [1, 1], [2, 1], [3, 2], [2, 1], [5, 2], [2, 1], [3, 2], [18, 1], [9, 1], [4, 1], [5, 1], [9, 1], [1, 1], [8, 1], [2, 1], [2, 1], [5, 1], [3, 1], [5, 1]]
rid [[6, 1]]
bit [[6, 1], [12, 1]]
code [[6, 1]]
cobol [[6, 1]]
assembly [[6, 1]]
general [[7, 2], [1, 2], [4, 1]]
belief [[7, 1]]
europe [[7, 2], [1, 1], [30, 1], [2, 1]]
elsewhere [[7, 1]]
such [[7, 1], [13, 1], [37, 1], [33, 1], [3, 1]]
as [[7, 1], [1, 1], [1, 1], [4, 2], [1, 1], [1, 1], [3, 4], [2, 1], [1, 1], [2, 4], [3, 1], [5, 1], [1, 1], [3, 1], [8, 1], [1, 3], [3, 1], [6, 1], [1, 1], [3, 5], [7, 1], [16, 1], [6, 2], [4, 2], [3, 1], [7, 2]]
china [[7, 1], [40, 3], [1, 1]]
unhealthy [[7, 1]]
drink [[7, 1], [1, 7], [26, 3], [1, 6], [1, 1], [1, 2], [16, 2]]
water [[7, 1], [1, 12], [16, 1], [1, 3], [10, 1], [20, 1], [38, 5]]
meal [[7, 1]]
dilute [[7, 1]]
digestive [[7, 3]]
juice [[7, 1]]
wine [[7, 1]]
ok [[7, 1]]
stimulate [[7, 1], [46, 1]]
digestion [[7, 1]]
mineral [[7, 1]]
waters [[7, 1]]
considered [[7, 1], [25, 1], [1, 1]]
much [[7, 1], [1, 2], [1, 1], [9, 1], [23, 1], [16, 3], [25, 1], [1, 1]]
concerned [[7, 1], [40, 1]]
process [[7, 1], [36, 1]]
than [[7, 1], [1, 2], [3, 2], [28, 1], [2, 1], [6, 1], [10, 1], [4, 1], [21, 5]]
d [[8, 1], [6, 1], [1, 1], [42, 1], [29, 1]]
different [[8, 1], [6, 1], [7, 1], [25, 1], [15, 1], [18, 1]]
approach [[8, 1], [7, 1]]
answer [[8, 1], [5, 1], [7, 1], [31, 1], [6, 1], [16, 1], [8, 3], [1, 1], [1, 1], [1, 1], [3, 1]]
geography [[8, 1]]
location [[8, 1]]
higher [[8, 1], [6, 2], [24, 1], [44, 3]]
available [[8, 2], [3, 1]]
probably [[8, 2], [7, 1], [6, 1], [10, 1], [2, 1]]
consume [[8, 3]]
people [[8, 5], [10, 1], [15, 1], [11, 1], [3, 1], [1, 1], [6, 1], [1, 1], [7, 1], [11, 1], [8, 1], [1, 3], [8, 2], [1, 1], [9, 1]]
certain [[8, 1]]
regions [[8, 1]]
including [[8, 1]]
visitor [[8, 1]]
comment [[8, 1]]
children [[8, 1]]
less [[8, 6], [33, 1], [53, 1]]
soda [[8, 3]]
usa [[8, 1], [83, 1]]
primarily [[8, 1], [37, 1]]
due [[8, 1], [8, 1]]
company [[8, 1], [71, 1], [1, 1]]
advertise [[8, 1]]
making [[8, 1], [40, 1], [22, 1], [23, 1]]
attractive [[8, 2]]
second [[8, 2], [69, 1]]
according [[8, 1], [53, 1]]
few [[8, 3]]
medical [[8, 1], [61, 1]]
expert [[8, 1], [61, 1]]
addictive [[8, 2]]
yes [[8, 1], [71, 1]]
caffeine [[8, 1]]
extent [[8, 1], [81, 1]]
cold [[8, 1], [29, 1], [42, 1], [1, 7]]
weather [[8, 1], [29, 1]]
upper [[8, 1]]
northern [[8, 1]]
hemisphere [[8, 1]]
ppl [[8, 2]]
example [[8, 1], [67, 1], [1, 1]]
from [[8, 3], [1, 1], [1, 1], [1, 1], [2, 2], [17, 1], [2, 1], [11, 1], [4, 1], [10, 1], [7, 1], [18, 1], [7, 1], [3, 1]]
tropical [[8, 1]]
very [[8, 1], [4, 1], [6, 1], [1, 1], [2, 1], [39, 1], [5, 1], [11, 1], [4, 2], [20, 1]]
humid [[8, 1]]
place [[8, 2], [41, 1], [8, 1]]
naturally [[8, 1]]
rather [[8, 2]]
austria [[8, 1]]
switzerland [[8, 1]]
denmark [[8, 1]]
finland [[8, 1]]
another [[8, 2], [63, 1], [9, 1], [2, 1]]
being [[8, 2], [1, 1], [9, 1], [27, 1], [12, 1], [4, 1], [13, 1], [21, 1]]
immune [[8, 1], [72, 1]]
impure [[8, 1]]
tap [[8, 1]]
dependent [[8, 1]]
bottle [[8, 1], [62, 1]]
make [[8, 1], [11, 2], [14, 1], [10, 1], [18, 1], [12, 1], [7, 1], [12, 1]]
afford [[8, 1]]
pay [[8, 1]]
extra [[8, 1], [41, 1]]
work [[8, 1], [1, 1], [2, 1], [3, 1], [29, 1], [14, 1], [32, 1]]
hard [[8, 1], [4, 1], [6, 1], [75, 1]]
commodity [[8, 3]]
may [[8, 1], [5, 1], [44, 1], [16, 1], [11, 1], [6, 1]]
resort [[8, 2]]
cheap [[8, 1]]
near [[8, 1], [10, 2]]
feel [[8, 1], [82, 1]]
commute [[8, 2]]
car [[8, 1], [1, 2], [1, 4], [1, 2], [40, 2], [1, 1], [10, 2]]
walking [[8, 1], [25, 1]]
cycle [[8, 1], [61, 2]]
walk [[8, 6], [15, 1], [10, 1]]
train [[8, 1]]
station [[8, 1]]
block [[8, 1]]
groceries [[8, 1]]
compare [[8, 1], [5, 1], [45, 1]]
driving [[8, 1], [1, 2]]
every [[8, 1], [53, 1], [24, 1]]
go [[8, 1], [15, 2], [23, 1], [10, 1], [23, 1], [5, 1], [2, 1]]
exert [[8, 1]]
several [[8, 2], [3, 1], [62, 1]]
things [[8, 1], [3, 1], [76, 1]]
lack [[8, 1], [49, 1]]
education [[8, 1], [7, 1], [73, 1]]
aware [[8, 1]]
enough [[8, 2], [16, 2], [33, 1], [4, 1], [19, 1], [12, 1]]
except [[8, 1]]
educated [[8, 1]]
know [[8, 1], [5, 1], [13, 1], [35, 1], [12, 1], [1, 1], [2, 1], [6, 2]]
80 [[8, 1]]
our [[8, 1], [62, 1], [19, 1]]
body [[8, 1]]
knew [[8, 1]]
forget [[8, 1]]
easily [[8, 1], [85, 1]]
simply [[8, 1]]
combination [[8, 1]]
finally [[8, 1]]
said [[8, 1], [1, 1], [7, 1], [57, 1], [10, 1]]
all [[8, 1], [1, 2], [7, 1], [2, 3], [17, 1], [7, 1], [2, 1], [9, 1], [4, 2], [1, 1], [3, 1], [18, 1], [1, 1], [2, 1]]
beer [[8, 1]]
happen [[8, 1], [43, 1], [20, 1], [2, 1]]
hybrid [[9, 2], [1, 2], [1, 2]]
save [[9, 1]]
energy [[9, 4], [1, 2], [1, 1], [1, 1], [1, 9]]
two [[9, 1], [2, 1], [15, 1], [58, 1]]
ways [[9, 1]]
1 [[9, 1], [2, 1], [13, 1], [29, 1]]
store [[9, 2], [1, 2]]
breaks2 [[9, 1]]
engaging [[9, 1]]
gas [[9, 4], [1, 2], [1, 4], [6, 1], [49, 1]]
motor [[9, 3], [1, 1]]
only [[9, 1], [2, 1], [25, 1], [7, 1], [10, 1], [3, 1], [25, 1], [8, 1], [1, 1]]
effective [[9, 1]]
rpm [[9, 3]]
meaning [[9, 1]]
system [[9, 1], [60, 1], [11, 1]]
engage [[9, 1]]
mostly [[9, 1]]
coursing [[9, 1]]
speed [[9, 1], [3, 2], [1, 1], [55, 1]]
close [[9, 1], [12, 1], [26, 1], [21, 1], [1, 1]]
efficient [[9, 2], [2, 1], [38, 1], [46, 1]]
above [[9, 1]]
city [[9, 5], [1, 2], [8, 1], [82, 1]]
almost [[9, 1]]
never [[9, 1], [7, 1], [41, 1]]
true [[9, 1], [74, 1]]
battery [[9, 1], [1, 3]]
generate [[9, 2], [33, 1]]
chemical [[9, 1], [86, 1]]
cool [[9, 1], [26, 2]]
thing [[9, 1], [2, 1], [69, 1]]
pollution [[9, 2]]
san [[9, 1]]
francisco [[9, 1]]
electric [[9, 2], [1, 1]]
bus [[9, 2], [7, 1], [2, 1]]
add [[9, 1], [15, 1], [11, 1], [18, 1], [2, 2], [45, 2]]
engine [[9, 2], [1, 2], [1, 5]]
quiet [[9, 1]]
benefit [[9, 1], [11, 1]]
visible [[9, 1]]
mileage [[10, 1], [1, 1]]
better [[10, 1], [1, 1], [3, 1], [1, 1], [24, 1], [14, 1], [8, 1], [35, 1]]
spend [[10, 1]]
instead [[10, 2]]
pack [[10, 2], [13, 1]]
which [[10, 1], [1, 1], [2, 1], [3, 1], [19, 1], [8, 1], [10, 1], [3, 1], [5, 1], [8, 1], [15, 1], [16, 1]]
charged [[10, 1]]
generative [[10, 1]]
break [[10, 1], [1, 1], [22, 2]]
slow [[10, 1], [20, 2]]
down [[10, 1], [6, 1], [7, 1], [10, 2], [21, 1], [3, 1], [1, 2]]
traditional [[10, 1], [16, 1], [11, 1], [16, 1]]
brake [[10, 2]]
these [[10, 1], [10, 1], [6, 2], [4, 1], [16, 1], [2, 1], [13, 1], [30, 1]]
light [[10, 1], [3, 1], [13, 1], [67, 3], [1, 1]]
change [[10, 1], [45, 1], [14, 1], [21, 1]]
move [[10, 2]]
again [[10, 1]]
assist [[10, 1]]
moving [[10, 1], [69, 1]]
effect [[10, 1]]
pronounced [[10, 1]]
frequent [[10, 1]]
stopping [[10, 1]]
mention [[11, 1]]
note [[11, 1]]
regular [[11, 2], [40, 1]]
e [[11, 1], [2, 1], [25, 1], [57, 1]]
g [[11, 1], [27, 1], [57, 1]]
honda [[11, 1]]
civic [[11, 1]]
3l [[11, 1]]
without [[11, 1], [12, 1], [41, 1], [16, 1], [8, 1]]
large [[11, 1], [13, 1], [1, 1], [24, 1], [41, 1]]
means [[12, 1], [49, 2], [3, 2], [16, 1]]
high [[12, 1], [2, 1], [1, 1], [44, 1]]
apply [[12, 1], [59, 1]]
low [[12, 1], [7, 1], [1, 1], [39, 1], [1, 1]]
measure [[12, 1]]
turn [[12, 1], [54, 1]]
vise [[12, 1]]
versa [[12, 1]]
conversion [[12, 1], [63, 1], [1, 1], [1, 3]]
rate [[12, 1]]
c2 [[12, 1]]
c [[12, 1], [47, 1], [1, 1], [1, 2]]
square [[12, 1], [1, 1]]
expansion [[13, 1]]
previous [[13, 1], [7, 1], [37, 1], [27, 1]]
person [[13, 1], [20, 2], [49, 1]]
order [[13, 1], [68, 1]]
mc [[13, 1]]
equal [[13, 1], [9, 1]]
times [[13, 1]]
einstein [[13, 1]]
breakthrough [[13, 1]]
theory [[13, 1], [55, 1]]
relationship [[13, 2], [67, 2]]
between [[13, 1], [48, 1]]
matter [[13, 2], [58, 1], [12, 1]]
show [[13, 1], [3, 1], [29, 1]]
indeed [[13, 1]]
contained [[13, 2]]
allow [[13, 2], [71, 1]]
calculate [[13, 2]]
critical [[13, 1]]
atomic [[13, 1]]
physicist [[13, 1]]
determine [[13, 1]]
amount [[13, 1]]
release [[13, 1]]
could [[13, 1], [5, 1], [15, 2], [59, 1]]
atom [[13, 1]]
proton [[13, 1]]
neutron [[13, 1]]
electron [[13, 1]]
masses [[13, 1]]
difference [[13, 1], [40, 1]]
binding [[13, 1]]
college [[14, 2], [1, 2], [65, 1]]
admission [[14, 1], [1, 1], [57, 1]]
office [[14, 1]]
major [[14, 1]]
university [[14, 2], [57, 2]]
specific [[14, 2], [8, 1]]
formula [[14, 1], [83, 1]]
calculating [[14, 1]]
gpa [[14, 1], [1, 2]]
did [[14, 1], [43, 1], [4, 1]]
put [[14, 1], [10, 1], [25, 1], [1, 1], [1, 1], [7, 1]]
everyone [[14, 1]]
play [[14, 1], [47, 1]]
field [[14, 1]]
school [[14, 1], [1, 3]]
weight [[14, 1]]
ap [[14, 3], [1, 3]]
class [[14, 3], [1, 4]]
measured [[14, 1]]
those [[14, 1], [12, 2], [24, 1], [17, 1], [1, 1]]
though [[14, 1], [1, 1], [42, 1], [5, 1]]
remember [[14, 2]]
calculation [[14, 1]]
anymore [[14, 1], [34, 1], [43, 1]]
definitely [[14, 1]]
given [[14, 1], [68, 1]]
score [[14, 1]]
suggest [[14, 1], [42, 1]]
grade [[14, 1]]
ultimately [[14, 1]]
ll [[14, 1], [11, 1], [46, 1]]
weighted [[14, 1]]
interested [[14, 1]]
give [[14, 1], [43, 1], [4, 1], [6, 1], [1, 1], [9, 1]]
chance [[14, 1], [58, 1]]
look [[15, 1], [42, 1], [1, 2], [6, 1], [9, 1], [7, 1]]
rank [[15, 1]]
multiply [[15, 2]]
earn [[15, 1]]
reflect [[15, 1]]
additional [[15, 1], [9, 2], [47, 1]]
difficulty [[15, 1]]
instance [[15, 1]]
b [[15, 1]]
my [[15, 1], [24, 1], [41, 2]]
3 [[15, 1], [43, 1], [3, 1], [15, 2]]
96 [[15, 1]]
vs [[15, 1], [73, 1]]
4 [[15, 1], [9, 1], [29, 1], [23, 2]]
0 [[15, 1]]
standard [[15, 1], [27, 1], [2, 1]]
case [[15, 1], [26, 1]]
selective [[15, 1]]
holistic [[15, 1]]
evidence [[15, 1]]
got [[15, 1], [42, 1]]
budget [[15, 1]]
price [[15, 1], [2, 1]]
state [[15, 1], [1, 1]]
darn [[15, 1]]
good [[15, 1], [8, 2], [6, 1], [6, 1], [9, 1], [15, 1], [29, 1]]
article [[16, 1], [29, 1]]
listen [[16, 1], [64, 1]]
npr [[16, 1]]
last [[16, 1], [55, 1], [13, 1]]
night [[16, 1], [48, 1], [16, 1]]
commentator [[16, 1]]
saying [[16, 1]]
evacuate [[16, 1]]
really [[16, 2], [6, 2], [35, 2], [14, 1], [9, 1]]
bungle [[16, 1]]
organization [[16, 1]]
communication [[16, 1]]
took [[16, 1]]
hey [[16, 1], [64, 1]]
m [[16, 1], [41, 1], [23, 1]]
running [[16, 1]]
send [[16, 1], [28, 1]]
felt [[16, 1]]
fema [[16, 1], [2, 1]]
local [[16, 1]]
police [[16, 1]]
national [[16, 1], [2, 1], [56, 1]]
guard [[16, 1], [2, 1]]
sure [[16, 1], [27, 1], [27, 1]]
wait [[16, 1], [55, 1]]
overall [[16, 1]]
direction [[16, 1], [63, 1]]
came [[16, 1], [19, 1]]
rising [[17, 1]]
dwindle [[17, 1]]
dollar [[17, 1]]
surprise [[18, 1]]
senator [[18, 3]]
reelecte [[18, 1]]
her [[18, 1], [55, 1]]
job [[18, 2], [39, 1]]
“ [[18, 1]]
shout [[18, 1]]
” [[18, 1]]
she [[18, 3], [55, 2]]
communicate [[18, 1]]
federal [[18, 1]]
issue [[18, 1], [30, 1]]
fail [[18, 1]]
miserably [[18, 1]]
states [[18, 2]]
ask [[18, 1], [33, 1], [30, 3], [1, 1], [1, 1], [1, 1]]
rescue [[18, 1]]
army [[18, 1]]
thousand [[18, 1]]
transport [[18, 1]]
aircraft [[18, 1]]
possible [[18, 1], [26, 1], [42, 1]]
doubt [[18, 1]]
blame [[18, 1]]
too [[18, 1], [39, 1], [1, 1], [31, 1], [4, 1]]
locally [[18, 1]]
manage [[18, 1]]
red [[18, 1], [7, 1], [1, 2], [1, 1]]
flag [[18, 1]]
frequency [[19, 1], [1, 1]]
sound [[19, 2], [1, 1], [8, 1], [1, 1], [12, 1], [1, 1]]
hear [[19, 3], [1, 1]]
animal [[19, 1], [1, 1]]
expand [[20, 1]]
subsonic [[20, 2]]
infrasound [[20, 1]]
variety [[20, 1]]
range [[20, 1], [3, 1]]
elephant [[20, 1]]
whale [[20, 1]]
alligator [[20, 1]]
your [[20, 1], [4, 1], [5, 1], [13, 1], [1, 2], [1, 4], [9, 1], [3, 1], [1, 1], [1, 6], [6, 1], [3, 1], [1, 1], [4, 1], [8, 1], [4, 1], [2, 2]]
home [[20, 1]]
subwoofer [[20, 1]]
works [[20, 1], [41, 1], [28, 1]]
principle [[20, 1]]
travel [[20, 1]]
over [[20, 1], [4, 1], [29, 1]]
long [[20, 1], [1, 1], [4, 2], [5, 1], [19, 1], [12, 1], [23, 1], [8, 1]]
distance [[20, 1], [1, 1]]
well [[20, 1], [15, 1], [12, 1], [9, 2], [1, 1], [32, 1]]
expect [[21, 1], [36, 2]]
concentration [[21, 1]]
molecule [[21, 1]]
scent [[21, 2], [1, 1]]
rapid [[21, 1]]
fade [[21, 1]]
away [[21, 1], [22, 1], [49, 1]]
sense [[21, 1], [2, 1], [10, 1]]
something [[21, 1], [12, 1], [6, 1], [22, 1], [19, 1]]
information [[21, 1], [22, 1], [38, 1]]
how [[21, 2], [2, 1], [2, 1], [30, 1], [2, 1], [4, 2], [10, 1], [2, 1], [8, 1], [1, 1], [2, 2], [2, 1]]
smell [[21, 1], [1, 1], [1, 4], [15, 1]]
dogs [[22, 1], [1, 2]]
moron [[22, 1]]
concentrate [[22, 1]]
comprehend [[22, 1]]
peabrain [[22, 1]]
superior [[22, 1]]
olfactory [[22, 1]]
senses [[22, 1]]
experience [[23, 1], [20, 1], [10, 1]]
through [[23, 1], [67, 1], [3, 3]]
vision [[23, 1]]
ours [[23, 1]]
rely [[23, 1]]
find [[23, 1], [12, 1], [22, 2], [4, 1], [11, 1], [21, 1]]
food [[23, 1], [38, 1]]
shelter [[23, 1]]
mate [[23, 1]]
sniff [[23, 4]]
enjoy [[23, 1], [38, 1]]
sit [[23, 1]]
read [[23, 1]]
book [[23, 1]]
dog [[23, 2]]
environment [[23, 1]]
paul [[23, 1]]
auster [[23, 1]]
refer [[23, 1], [11, 1], [28, 2]]
symphony [[23, 1]]
interact [[23, 1]]
opportunity [[23, 1], [44, 1], [1, 1]]
actually [[23, 1], [50, 1]]
quite [[23, 1]]
bore [[23, 1]]
fill [[24, 1]]
pot [[24, 2], [1, 1]]
full [[24, 1], [19, 1], [51, 1]]
cover [[24, 1]]
lobster [[24, 3], [1, 3]]
generous [[24, 1]]
handful [[24, 1]]
salt [[24, 1], [1, 2], [28, 4], [1, 2]]
boil [[24, 2], [1, 3], [8, 1]]
head [[24, 1], [27, 1], [7, 3]]
18 [[24, 1]]
pound [[24, 4]]
10 [[24, 1], [1, 1]]
minutes [[24, 2], [1, 1], [48, 1], [1, 2]]
each [[24, 1], [55, 1]]
7 [[24, 1]]
8 [[24, 1]]
per [[24, 1]]
here [[25, 1], [71, 1]]
following [[25, 1]]
tongs [[25, 2]]
live [[25, 2]]
melt [[25, 2]]
butter [[25, 2], [13, 1], [1, 2], [1, 1]]
bring [[25, 1], [8, 1]]
rolling [[25, 1]]
quick [[25, 1]]
careful [[25, 1]]
lower [[25, 1], [57, 2]]
simmer [[25, 1]]
until [[25, 1]]
bright [[25, 1]]
serve [[25, 1], [11, 2]]
dip [[25, 1]]
kind [[26, 2], [13, 1], [16, 1]]
primary [[26, 1]]
colors [[26, 3]]
combine [[26, 1]]
additive [[26, 2]]
mix [[26, 1], [8, 1]]
pigment [[26, 1], [35, 1]]
subtract [[26, 2]]
computer [[26, 1], [30, 1]]
user [[26, 1]]
green [[26, 1], [13, 1]]
blue [[26, 3], [1, 1], [34, 1]]
yellow [[26, 2], [1, 1]]
technical [[26, 1], [69, 1]]
magenta [[26, 1]]
cyan [[26, 1]]
knock [[28, 2], [5, 1]]
watermelon [[28, 1]]
door [[28, 1], [23, 1]]
hollow [[28, 1], [1, 1]]
ripe [[28, 1]]
pick [[29, 1]]
flick [[29, 1]]
index [[29, 1]]
finger [[29, 1]]
echo [[29, 1]]
vibrate [[29, 1]]
little [[29, 1]]
tough [[30, 1], [1, 1]]
cut [[30, 2]]
meat [[30, 1]]
fat [[30, 1], [29, 1], [1, 1]]
stay [[30, 1], [14, 1]]
juicy [[30, 1]]
become [[30, 1], [27, 1], [24, 2], [8, 1]]
tender [[30, 1]]
cooking [[30, 1]]
pork [[30, 1], [1, 1]]
loin [[30, 1]]
choice [[30, 1]]
cooker [[30, 1]]
beef [[31, 1]]
suit [[31, 1], [25, 1]]
possibly [[32, 1]]
africa [[32, 1]]
royalty [[32, 1]]
umbrella [[32, 1], [1, 3]]
protection [[32, 1]]
sun [[32, 2]]
opening [[32, 2], [1, 1]]
shade [[32, 1]]
insult [[32, 1]]
god [[32, 1]]
indoors [[32, 1], [1, 2]]
taboo [[32, 1]]
sick [[33, 2]]
strange [[33, 1]]
open [[33, 3], [50, 1]]
dry [[33, 1]]
superstition [[33, 1]]
ladder [[33, 2]]
mirror [[33, 1]]
safety [[33, 1]]
inside [[33, 1], [20, 1]]
poke [[33, 1]]
somebody [[33, 1]]
eye [[33, 1]]
bubble [[34, 3], [1, 3]]
tea [[34, 8], [1, 3]]
milk [[34, 3], [1, 2], [20, 1]]
sugar [[34, 1], [19, 1]]
giant [[34, 1]]
black [[34, 1]]
tapioca [[34, 3], [1, 1]]
balls [[34, 1]]
foam [[34, 1]]
create [[34, 1], [1, 1]]
shake [[34, 1], [1, 1]]
freshly [[34, 1]]
brew [[34, 1]]
ice [[34, 1], [1, 2], [58, 5]]
boba [[34, 2]]
nai [[34, 2]]
cha [[34, 2]]
pearl [[34, 2], [1, 1]]
zhen [[34, 1]]
zhu [[34, 1]]
momi [[34, 2]]
qq [[34, 1]]
refreshing [[35, 1]]
sweet [[35, 1]]
sitting [[35, 1]]
bottom [[35, 1]]
clear [[35, 1], [9, 1]]
cup [[35, 1]]
made [[35, 2], [26, 1]]
fresh [[35, 1], [4, 1], [22, 2]]
fruits [[35, 1], [26, 1]]
crush [[35, 2]]
healthy [[35, 2], [26, 3], [23, 1]]
powdered [[35, 1]]
flavoring [[35, 3], [65, 1]]
creamer [[35, 1]]
asia [[35, 1]]
usually [[35, 1]]
include [[35, 1], [29, 1], [29, 1]]
infuse [[35, 1]]
flavor [[35, 1], [18, 2], [1, 1]]
shaken [[35, 1]]
around [[35, 1], [18, 1]]
taste [[35, 1], [4, 1], [16, 1], [45, 1]]
known [[35, 1], [34, 1]]
eggnog [[36, 2], [1, 1]]
popular [[36, 2]]
wintertime [[36, 1]]
during [[36, 1]]
christmas [[36, 1], [1, 1]]
new [[36, 1], [21, 1], [43, 1]]
year [[36, 1], [20, 1]]
day [[36, 1]]
thanksgiving [[36, 1]]
been [[37, 1], [14, 1], [10, 1], [30, 2]]
nice [[37, 1]]
percentage [[38, 1]]
butterfat [[38, 1]]
yummy [[38, 1]]
plugra [[38, 1]]
ireland [[39, 3]]
friend [[39, 1]]
swear [[39, 1]]
any [[39, 1], [39, 1], [2, 2]]
cow [[39, 1]]
pasture [[39, 1]]
air [[39, 1]]
unsalted [[40, 1]]
television [[41, 2], [1, 3]]
needs [[41, 1]]
warm [[41, 1], [1, 2]]
cathode [[41, 1]]
ray [[41, 1]]
tube [[41, 1]]
before [[41, 1], [3, 1], [8, 1]]
display [[41, 1]]
image [[41, 2]]
screen [[41, 1]]
audio [[41, 1]]
coil [[41, 1]]
require [[41, 1]]
emit [[41, 1]]
soon [[41, 1], [45, 1]]
crt [[42, 1]]
base [[42, 1], [4, 1], [7, 1]]
delay [[42, 1]]
gun [[42, 1]]
picture [[42, 2], [15, 1], [16, 2]]
involved [[42, 1]]
speaker [[42, 1]]
thus [[42, 1], [11, 1], [28, 1], [12, 1]]
brief [[42, 1]]
period [[42, 1]]
while [[42, 1], [1, 1], [15, 1], [15, 1], [7, 1]]
audible [[42, 1]]
resume [[43, 4], [1, 3]]
writing [[43, 1]]
tricky [[43, 1]]
important [[43, 1], [45, 1]]
detailed [[43, 1]]
describe [[43, 1]]
skill [[43, 1]]
advantageous [[43, 1]]
balance [[43, 1]]
brevity [[43, 1]]
concise [[43, 1]]
packing [[43, 1]]
key [[43, 1]]
presents [[43, 1]]
candidate [[43, 1]]
employment [[43, 1]]
keep [[43, 1], [37, 1], [4, 1]]
simple [[43, 1], [23, 1], [21, 1]]
format [[43, 1]]
neat [[43, 1]]
streamlined [[43, 1]]
cogent [[43, 1]]
below [[43, 1], [30, 1], [4, 1]]
link [[43, 1], [1, 1], [25, 1], [4, 1], [4, 2]]
hotjob [[43, 1]]
tip [[43, 1]]
found [[43, 1], [18, 1]]
extremely [[43, 1], [47, 1]]
helpful [[43, 1]]
check [[44, 1], [42, 1]]
section [[44, 1]]
source [[44, 1], [15, 1], [1, 1]]
goal [[44, 2]]
positive [[44, 1]]
highlight [[44, 1]]
accomplishment [[44, 1]]
focus [[44, 1]]
recommend [[44, 1], [31, 1]]
discuss [[44, 1]]
trust [[44, 1]]
feedback [[44, 1]]
luck [[44, 1]]
originate [[45, 1]]
croatia [[45, 2]]
sometime [[45, 1]]
age [[45, 1]]
where [[45, 2]]
worn [[45, 1]]
men [[45, 1]]
allegiance [[45, 1]]
king [[45, 1]]
seem [[45, 1], [44, 1]]
popularity [[45, 1]]
france [[45, 2]]
cravat [[45, 1]]
detail [[45, 1]]
fashionable [[46, 1]]
wo [[46, 1], [34, 1]]
style [[46, 1], [10, 1]]
designs [[46, 2]]
classic [[46, 1]]
japan [[47, 1]]
north [[47, 1]]
korea [[47, 1]]
besides [[47, 1]]
both [[47, 1], [36, 1]]
india [[47, 1]]
pakistan [[47, 1]]
nuclear [[47, 1], [1, 1]]
hardly [[47, 1]]
concern [[47, 1]]
busy [[48, 1]]
money [[48, 1]]
waste [[48, 1]]
dare [[48, 1]]
presumable [[49, 1]]
tend [[49, 1]]
accommodate [[49, 1]]
space [[49, 1]]
stall [[49, 1]]
end [[49, 1]]
room [[49, 1]]
wall [[50, 1]]
corner [[50, 1]]
bar [[50, 1]]
holding [[50, 1]]
onto [[50, 1]]
pontiac [[51, 1]]
aztek [[51, 3]]
scion [[51, 1]]
xb [[51, 1]]
toyota [[51, 1]]
priu [[51, 1]]
polarize [[51, 1]]
sell [[51, 1]]
numbers [[51, 1]]
hit [[51, 1], [6, 2]]
target [[51, 1], [28, 1]]
frightening [[51, 1]]
faithful [[51, 1]]
concept [[51, 1], [6, 1]]
vehicle [[51, 1]]
question [[51, 1], [30, 2], [15, 1]]
slope [[51, 1]]
rear [[51, 1]]
window [[51, 1]]
minivan [[51, 1]]
roll [[51, 1]]
gm [[51, 1]]
decision [[51, 1], [41, 1]]
sales [[51, 1]]
abysmal [[51, 1]]
since [[51, 1], [40, 1]]
launch [[51, 1]]
xzibit [[52, 1]]
west [[52, 1]]
coast [[52, 1]]
customs [[52, 1]]
pimp [[52, 1]]
ride [[52, 1]]
rim [[53, 3]]
glass [[53, 3]]
provide [[53, 1]]
sharp [[53, 1]]
contrast [[53, 1]]
whole [[53, 1], [8, 1]]
content [[53, 1], [41, 1]]
alcohol [[53, 1]]
tastebud [[53, 1]]
divide [[53, 1], [36, 1]]
sector [[53, 1]]
type [[53, 1], [23, 2], [2, 1]]
sensation [[53, 1]]
caution [[53, 1]]
coat [[53, 1]]
portion [[53, 1]]
risk [[53, 1]]
modify [[53, 1]]
cancel [[54, 1]]
unpleasant [[54, 1]]
tequila [[54, 2], [1, 1]]
shot [[54, 2]]
lick [[54, 1]]
suck [[54, 1]]
lemon [[54, 1], [1, 1]]
bite [[55, 1]]
coffee [[55, 1], [11, 1], [34, 1]]
guess [[55, 1]]
back [[56, 1], [15, 1], [18, 1]]
fps [[56, 2], [1, 4]]
console [[56, 2], [1, 3], [1, 3]]
control [[56, 1], [1, 1], [12, 1]]
gameplay [[56, 1]]
truly [[56, 1], [5, 2]]
off [[56, 1]]
nintendo [[56, 1], [1, 2]]
revolution [[56, 1], [1, 2]]
disagree [[57, 1]]
re [[57, 1], [14, 1], [9, 1]]
familiar [[57, 1]]
personally [[57, 1]]
pc [[57, 3]]
game [[57, 5]]
heavy [[57, 1]]
controller [[57, 7], [1, 1]]
natural [[57, 1]]
keyboard [[57, 4]]
mouse [[57, 3], [1, 2]]
awkward [[57, 1]]
clumsy [[57, 1]]
advantage [[57, 1]]
pit [[57, 1]]
player [[57, 3]]
distinct [[57, 1]]
disadvantage [[57, 1]]
maker [[57, 1]]
developer [[57, 2]]
fantastic [[57, 1]]
mapping [[57, 1]]
held [[57, 1]]
practice [[57, 2]]
consider [[57, 1]]
adjust [[57, 1]]
sensitivity [[57, 1]]
worry [[57, 1]]
usb [[57, 1]]
port [[57, 1]]
xbox [[57, 1]]
360 [[57, 1]]
ps3 [[57, 1]]
market [[57, 1]]
mice [[57, 1]]
appeal [[57, 1]]
skeptical [[57, 1]]
great [[57, 1]]
difficult [[57, 1]]
execute [[57, 1]]
successful [[57, 1]]
niche [[57, 1]]
feature [[57, 1]]
couple [[57, 1]]
limited [[57, 1]]
library [[57, 1]]
support [[57, 1]]
industry [[57, 1]]
leading [[57, 1]]
me [[57, 1], [1, 1], [22, 4], [2, 5]]
optimistic [[57, 1]]
terms [[57, 1]]
fix [[57, 1]]
invert [[58, 1]]
halo [[58, 1]]
doom [[58, 1]]
backwards [[58, 2]]
push [[58, 3]]
stick [[58, 1]]
forward [[58, 3]]
points [[58, 2]]
default [[58, 1]]
geek [[58, 1]]
top [[58, 1]]
blueberry [[59, 1], [1, 3], [1, 2]]
anti [[59, 1]]
oxidant [[59, 1]]
saturate [[59, 1]]
cholesterol [[59, 1]]
sodium [[59, 1], [1, 1]]
dietary [[59, 1]]
fiber [[59, 1]]
vitamin [[59, 1], [1, 1], [1, 2]]
k [[59, 1]]
manganese [[59, 1]]
potassium [[60, 1]]
folate [[60, 1]]
disease [[60, 1], [20, 3], [4, 1]]
fighter [[60, 1]]
http [[60, 1], [16, 1]]
www [[60, 1], [16, 1]]
org [[60, 1]]
health [[60, 1]]
htm [[60, 1]]
laboratory [[61, 1]]
rats [[61, 1]]
whose [[61, 1]]
diet [[61, 1]]
supplement [[61, 1]]
shown [[61, 1]]
respects [[61, 1]]
research [[61, 2]]
figure [[61, 2]]
dr [[61, 1]]
weil [[61, 1]]
anthocyanin [[61, 2]]
contain [[61, 3]]
potent [[61, 3]]
antioxidant [[61, 3]]
course [[61, 1]]
days [[61, 1]]
often [[61, 1], [39, 1]]
idea [[61, 1]]
ago [[61, 1]]
mean [[61, 1]]
had [[61, 1], [19, 1]]
story [[61, 1]]
still [[61, 1], [13, 1]]
demonstrable [[61, 1]]
pill [[61, 1]]
might [[61, 1], [12, 1]]
role [[61, 1]]
fancy [[61, 2]]
name [[61, 2]]
bioflavonoid [[61, 1]]
nobody [[61, 1], [13, 1]]
stand [[61, 1]]
unlock [[61, 1]]
mystery [[61, 1]]
nothing [[61, 1], [29, 1]]
relax [[61, 1]]
nature [[61, 1], [9, 1], [17, 1]]
parkway [[62, 1]]
parking [[62, 2]]
greenery [[62, 1]]
parkland [[62, 1]]
landscape [[62, 1]]
road [[62, 1]]
driveway [[62, 1], [1, 1]]
necessarily [[62, 1]]
meant [[62, 1]]
path [[62, 1], [20, 1]]
drive [[62, 1]]
house [[62, 1], [2, 1]]
park [[63, 1]]
date [[64, 1]]
1920 [[64, 1]]
expression [[64, 1]]
buck [[64, 3]]
naked [[64, 8], [1, 1]]
commonly [[64, 1], [31, 1]]
completely [[64, 1]]
total [[64, 1]]
stitch [[64, 1]]
oppose [[64, 1]]
partially [[64, 1]]
synonym [[64, 1]]
bare [[64, 1]]
arse [[64, 1]]
butt [[64, 3]]
spell [[64, 1]]
facetious [[64, 1]]
nekkid [[64, 1]]
south [[64, 1]]
trouble [[64, 1]]
saturday [[64, 1]]
wearing [[64, 1]]
clothes [[64, 1]]
math [[66, 1]]
cell [[66, 1], [29, 1]]
phone [[66, 1], [7, 1]]
mug [[66, 1]]
right [[66, 1]]
foot [[66, 1]]
pedal [[66, 1]]
left [[66, 1], [22, 1]]
knee [[66, 1]]
steer [[66, 1]]
activate [[66, 1]]
driver [[67, 1], [1, 2]]
courtesy [[67, 1], [1, 1]]
return [[67, 1], [1, 1]]
rob [[67, 1], [1, 1]]
avoid [[67, 1]]
accident [[67, 1], [6, 1]]
contrary [[68, 1]]
lazy [[68, 1]]
reaction [[68, 1]]
someone [[68, 1], [5, 1], [7, 1]]
adjacent [[68, 1]]
lane [[68, 2]]
gap [[68, 1]]
premenstrual [[69, 2]]
syndrome [[69, 1]]
pms [[69, 4]]
symptom [[69, 2]]
related [[69, 1]]
menstrual [[69, 2]]
endocrine [[69, 1]]
produce [[69, 1]]
hormone [[69, 1]]
fully [[69, 1]]
chain [[69, 1]]
event [[69, 1]]
severe [[69, 1]]
women [[69, 3]]
affect [[69, 1]]
genetic [[69, 1]]
family [[69, 1]]
member [[69, 1]]
history [[69, 1]]
frustration [[70, 1]]
panic [[71, 1]]
sometimes [[71, 1]]
tuck [[71, 1]]
minute [[71, 1]]
particular [[71, 1]]
attempt [[71, 1]]
dig [[71, 1]]
proof [[71, 1]]
wonderful [[71, 1]]
beg [[71, 1]]
cajole [[71, 1]]
ensure [[71, 1]]
least [[71, 1]]
talk [[72, 1], [19, 1]]
officer [[72, 1]]
improve [[72, 1]]
polite [[72, 1]]
persistent [[72, 1]]
pester [[72, 1]]
president [[73, 1]]
nixon [[73, 1]]
secretary [[73, 1]]
rose [[73, 1]]
mary [[73, 1]]
wood [[73, 2]]
erase [[73, 2]]
tape [[73, 2], [1, 1]]
accidental [[73, 1]]
pressed [[73, 1]]
record [[73, 1]]
famous [[73, 1]]
showing [[73, 1]]
included [[73, 1]]
unlikely [[73, 1]]
intentional [[73, 1]]
either [[73, 1]]
else [[73, 1], [15, 1]]
yet [[74, 1], [6, 1]]
2003 [[74, 1]]
archive [[74, 1]]
decided [[74, 1]]
technology [[74, 1]]
exist [[74, 1]]
restore [[74, 2]]
missing [[74, 2]]
preserve [[74, 1]]
hope [[74, 1], [14, 1]]
future [[74, 1], [20, 1]]
table [[75, 1]]
factor [[75, 1]]
unit [[75, 1]]
provided [[75, 1], [2, 1]]
wikipedia [[75, 1]]
free [[75, 1]]
google [[76, 2]]
nicely [[76, 1]]
inch [[76, 1]]
centimeter [[76, 2]]
com [[76, 1]]
search [[76, 2]]
hl [[76, 1]]
en [[76, 1]]
lr [[76, 1]]
q [[76, 1]]
feet [[76, 1]]
btng [[76, 1]]
click [[77, 1]]
equivalent [[77, 1]]
page [[77, 1]]
site [[77, 1]]
metric [[77, 1]]
farenheit [[77, 1]]
celciu [[77, 1]]
website [[78, 1]]
convert [[78, 1]]
100 [[79, 2]]
strain [[79, 1]]
virus [[79, 1], [1, 1]]
constant [[79, 1]]
mutate [[79, 1]]
finding [[79, 1]]
cure [[79, 1]]
maybe [[79, 1], [9, 1]]
conspiracy [[79, 1]]
drug [[79, 1]]
cia [[79, 1]]
aids [[79, 1]]
highest [[80, 1]]
evolution [[80, 1]]
aspire [[80, 1]]
younger [[80, 1]]
stupid [[80, 2]]
figured [[80, 1]]
kill [[80, 1]]
host [[80, 1]]
ugly [[80, 1]]
respect [[80, 1]]
month [[80, 1], [5, 1]]
loving [[80, 1]]
once [[80, 1]]
satisfying [[80, 1]]
living [[80, 1]]
assorted [[80, 1]]
wet [[80, 1]]
mucous [[80, 1]]
membrane [[80, 1]]
judgment [[80, 1]]
gave [[80, 1]]
pamper [[80, 1]]
myself [[80, 2]]
young [[80, 1]]
wise [[80, 1]]
powerful [[80, 1]]
indication [[80, 1]]
wrong [[80, 1]]
life [[80, 1], [8, 2]]
succumb [[80, 1]]
tell [[80, 1], [6, 1]]
clearly [[80, 1]]
bet [[80, 1]]
care [[80, 1], [6, 1]]
hooray [[80, 1]]
argue [[81, 1]]
gather [[81, 1]]
knowledge [[81, 1]]
inquire [[81, 1]]
must [[81, 1]]
ego [[82, 1]]
seriously [[82, 1]]
continuum [[82, 1]]
stuff [[82, 2]]
knowing [[82, 1]]
advice [[82, 1]]
subject [[82, 2]]
am [[82, 1]]
forever [[82, 1]]
always [[82, 1], [6, 1]]
ever [[83, 1], [8, 1]]
manifest [[83, 1]]
learned [[83, 1]]
lifetime [[83, 1], [1, 1]]
equally [[83, 1]]
teacher [[83, 1]]
student [[83, 1]]
agree [[84, 1]]
dentist [[84, 1], [1, 1], [1, 1]]
hygienist [[84, 1]]
professional [[84, 1]]
clean [[84, 1]]
instruction [[84, 1]]
floss [[84, 1]]
correct [[84, 1]]
prevent [[84, 1]]
gum [[84, 1]]
teeth [[84, 2], [2, 1]]
6 [[85, 1]]
various [[87, 1]]
acts [[87, 1]]
intolerence [[88, 1]]
envy [[88, 1]]
polution [[88, 1]]
human [[88, 1]]
soul [[88, 1]]
fester [[88, 1]]
productive [[88, 1]]
feeling [[88, 1]]
self [[88, 1]]
worth [[88, 1]]
anyone [[88, 1]]
evil [[88, 1]]
capitial [[89, 1]]
haves [[89, 1]]
attention [[89, 1]]
britain [[89, 1]]
1776 [[89, 1]]
thru [[89, 1]]
1783 [[89, 1]]
perhaps [[90, 1]]
injustice [[90, 1]]
scale [[90, 1]]
israel [[90, 1]]
occupation [[90, 1]]
palestine [[90, 1]]
angry [[90, 1]]
utterly [[90, 1]]
powerless [[90, 1]]
lose [[90, 1]]
situation [[90, 2]]
heard [[90, 1]]
violence [[90, 1]]
terribly [[90, 1]]
sad [[90, 1]]
terrorize [[91, 2]]
native [[91, 1]]
among [[91, 1]]
wwii [[91, 1]]
panama [[91, 1]]
guatemala [[91, 1]]
el [[91, 1]]
salvador [[91, 1]]
granada [[91, 1]]
colombia [[91, 1]]
iran [[91, 1]]
unable [[91, 1]]
opt [[91, 1]]
retaliate [[91, 1]]
atrocity [[91, 1]]
bill [[92, 1]]
clinton [[92, 1]]
monica [[92, 1]]
rational [[92, 1]]
cloud [[93, 5], [1, 1]]
compsition [[93, 1]]
primarl [[93, 1]]
billion [[93, 1]]
drops [[93, 1]]
formation [[93, 1]]
influx [[93, 1]]
ie [[93, 1]]
increase [[93, 1]]
pass [[93, 3]]
dark [[93, 2]]
normal [[93, 1]]
within [[93, 1]]
distort [[93, 1]]
white [[93, 1]]
bluish [[93, 1]]
greyish [[93, 1]]
greenish [[93, 1]]
hue [[93, 1]]
spectrum [[93, 1]]
moisture [[94, 2]]
rain [[94, 1]]
therefore [[94, 1]]
transmit [[94, 1]]
solid [[95, 1]]
propellant [[95, 1]]
stable [[95, 1]]
ammonium [[95, 1]]
perchlorate [[95, 1]]
nh4clo4 [[95, 1]]
speak [[95, 1]]
calcium [[95, 1]]
carbide [[95, 1]]
weld [[95, 1]]
metal [[95, 1]]
acetylene [[95, 1]]
tank [[95, 1]]
fuel [[95, 1]]
depend [[97, 1], [2, 1]]
l [[97, 1], [1, 1], [1, 2]]
p [[97, 2], [2, 2]]
plug [[97, 1]]
permit [[97, 1]]
length [[97, 1], [1, 1]]
width [[97, 1], [1, 1]]
w [[97, 3], [1, 1]]
yield [[97, 1]]
2l [[97, 1], [1, 1]]
perimeter [[98, 1]]
rectangle [[98, 1]]
2w [[98, 1]]
upon [[99, 1]]
originally [[100, 1]]
stretch [[100, 1]]
expensive [[100, 1]]
eventually [[100, 1]]
became [[100, 1]]
accustomed [[100, 1]]
began [[100, 1]]
prefer [[100, 1]]
associate [[100, 1]]
orleans [[100, 1]]
beignet [[100, 1]]
